2589.2557353094576
161 5
161 11 19 27 35 153 145 137 129 140 148 156 37 29 21 13 3
161 2 10 18 26 34 33 25 17 9 1
161 4 12 20 28 36 30 22 14 6
161 8 16 24 31 23 15 7
162 45
162 43 51 59 67 75 113 158 40 32 39 74 66 58 50 42
162 53 61 69 77 116 108 100 92 102 110 118 80 72 64 56 48
162 47 55 63 71 79 78 70 62 54 46
162 41 49 57 65 38 73 76 68 60 52 44
163 82
163 89 81 90 98 106 152 160 115 107 99 91 83
163 85 93 101 109 117 120 112 104 96 88
163 87 95 103 111 119 94 86 84
164 124 132 121
164 122 130 138 146 154 155 147 139 131 123
164 125 133 141 149 157 144 136 128
164 127 135 143 151 159 114 97 105 150 142 134 126
