2610.9613192643824
161 5 13 21 29 37 156 145 153 35 27 19 11 3
161 2 10 18 26 34 33 25 17 9 1
161 4 12 20 28 36 30 22 14 6
161 7 15 23 31 24 16 8
162 47
162 46 54 62 70 78 79 71 63 55 48
162 56 64 72 80 118 110 102 94 100 108 116 77 69 61 53 45
162 43 51 59 67 75 113 158 40 32 39 74 66 58 50 42
162 41 49 57 65 38 73 76 68 60 52 44
163 87 86
163 83 88 96 104 112 120 119 111 103 95
163 84 92 105 97 89 81 82
163 90 98 106 114 159 151 152 160 115 107 99 91 117 109 101 93 85
164 125 133 141 149 157 155 147 139 131 123
164 122 130 138 146 154 137 129 121
164 128 136 144 143 135 127
164 124 132 140 148 150 142 134 126
