2578.489061954416
161 1 9 17 25 33 36 28 20 12 4
161 15 23 31 39 74 66 58 57 65 73 38 30 22 14 6
161 2 10 18 26 34 19 11 3
161 5 13 21 24 16 8 7
162 46 54 62 70 78 76 68 60 52 47
162 44 41 49 50 42
162 53 61 69 77 116 108 100 97 105 113 158 40 32 75 67 59 51 43
162 45 48 56 64 72 118 80 79 71 63 55
163 90 98 106 114 159 151 143 136 144 152 160 115 107 99 91 83
163 85 93 101 109 117 120 112 104 96 88
163 86 94 102 110 119 111 103 95 87
163 84 92 89 81 82
164 131 139 147 155 157 149 141 133 128
164 125 123 154 146 138 130 122
164 126 134 142 150 135 127
164 121 129 137 145 153 35 27 29 37 156 148 140 132 124
